2.686206900000000246e+02 2.005344829999999945e+02
2.934482760000000212e+02 1.986379310000000089e+02
3.168965519999999856e+02 1.991551719999999932e+02
3.394827589999999873e+02 2.050172410000000127e+02
3.585439650000000142e+02 2.178294229999999914e+02
3.750000000000000000e+02 2.334655170000000055e+02
3.841379309999999805e+02 2.503620689999999911e+02
3.912068970000000263e+02 2.712241379999999822e+02
3.918392660000000092e+02 2.909744160000000193e+02
3.854721910000000094e+02 3.081890989999999988e+02
3.713793099999999754e+02 3.132931029999999737e+02
3.558620690000000195e+02 3.227758620000000178e+02
3.396551719999999932e+02 3.308793099999999754e+02
3.234482760000000212e+02 3.386379309999999805e+02
3.072413789999999949e+02 3.463965519999999856e+02
2.901724140000000034e+02 3.496724140000000034e+02
2.703448280000000068e+02 3.522586210000000051e+02
2.493221690000000024e+02 2.421451360000000079e+02
2.456156300000000101e+02 2.544561400000000049e+02
2.449537479999999903e+02 2.688851670000000240e+02
2.483955339999999978e+02 2.815933009999999967e+02
2.538229670000000056e+02 2.923157889999999952e+02
2.544848479999999995e+02 3.277926630000000046e+02
2.511754390000000114e+02 3.371913880000000177e+02
2.478660289999999975e+02 3.463253589999999917e+02
2.465422649999999862e+02 3.520175439999999867e+02
2.498516750000000002e+02 3.554593300000000227e+02
2.705172410000000127e+02 3.089827589999999873e+02
2.874137929999999983e+02 3.110517239999999788e+02
3.024137929999999983e+02 3.136379309999999805e+02
3.186206900000000246e+02 3.145000000000000000e+02
3.246551719999999932e+02 2.877758620000000178e+02
3.263793099999999754e+02 2.979482760000000212e+02
3.286206900000000246e+02 3.093275859999999966e+02
3.265517239999999788e+02 3.167413789999999949e+02
3.205172410000000127e+02 3.203620690000000195e+02
2.662663479999999936e+02 2.543237640000000113e+02
2.609712920000000054e+02 2.614720889999999827e+02
2.607065390000000207e+02 2.739154700000000275e+02
2.707942580000000135e+02 2.854453750000000127e+02
2.747384369999999763e+02 2.745773520000000190e+02
2.742089310000000069e+02 2.614720889999999827e+02
2.705023919999999862e+02 3.179968099999999822e+02
2.622950559999999882e+02 3.258070180000000278e+02
2.605741629999999986e+02 3.357352470000000153e+02
2.690462519999999813e+02 3.438102069999999912e+02
2.760622010000000159e+02 3.371913880000000177e+02
2.759298249999999939e+02 3.258070180000000278e+02
3.517808340000000271e+02 2.696534030000000257e+02
3.481570229999999810e+02 2.841979620000000182e+02
3.458853639999999814e+02 2.978942870000000198e+02
3.474979099999999903e+02 3.034443479999999909e+02
3.459198420000000169e+02 3.082235390000000166e+02
3.483021239999999921e+02 3.145838560000000257e+02
3.513759150000000204e+02 3.169783360000000130e+02
3.591271580000000085e+02 3.123751909999999725e+02
3.637309280000000058e+02 3.064351750000000152e+02
3.646803439999999910e+02 3.010032439999999951e+02
3.645102279999999837e+02 2.941405869999999823e+02
3.603112300000000232e+02 2.821290179999999737e+02
3.520796609999999873e+02 2.735695360000000278e+02
3.534916489999999953e+02 2.967765249999999924e+02
3.539482909999999833e+02 3.026891459999999938e+02
3.532119710000000055e+02 3.071746890000000008e+02
3.520167109999999866e+02 3.138715460000000235e+02
3.522873989999999935e+02 3.069352049999999963e+02
3.534092309999999770e+02 3.023227790000000255e+02
3.536875400000000127e+02 2.963778800000000047e+02
